998977333197
998935516554
998909661492
998981230450
998946406262
998912164878
998903524704
998998003674
998909708135
998944402017
998973305643
998977087665
998977009826
998946494419
998909735095
998998238865
998903266352
998911348421
998935783461
998977444487
998909262882
998983031656
998936130143
998909863786
998971309496
998998887997
998977031310
998974605565
998907329770
998909798733
998909629149
9989464616210
998909772070
998935455536
998974305221
998977539805
998911328616
998946718612
998971550883
998998771992
998934747177
998909612288
998977048064
998977460786
998946665317
998909639330
998909857722
998998885875
933354157
998909742307
998946975976
998935347734
998903286918
998712896304998935145806
998903479859
998977102353
998971564949
998974806780
998903949103
8974643040
998903186779
3256695
998933843832
998977407740
998974006096
998935232367
998909070908
998935551655
998946770101
998935107879
998909090189
998909948977
998909539066
998933945682
998946506200
998909421352
998903464406
998944046628
998935333399
998935064466
998935321720
998901347887
998946983408
998911929243
998998244202
946492146
998946825885
998909058980
998909208088
998935474433
998977355659
998971571887
977102353
998974465340
998903746334
998909690061
998656367767
998946702222
998909879718
998911662283
998909042680
998933915953
79104031271
998946382700
998946764105
998909803398
998935331833
998909996597
998946763636
998974200218
998946779752
998977332017
998909489590
998903218176
998903581513
998974303310
998909311167
998909000989
998998516116
998911905035
998909390441
998903200001
998907453738
998946111133
998905033304
998998409918
998903162111
998973444343
998909991591
998903476817
998977082050
998935352967
998977056000
998901689513
998903552904
998903197390
998901705702
998935916921
998909898891
998909889638
998903745331
998977049339
998909553412
998998307989
998912329949
998933961834
998977064244
998909894999
998974225131
998933775571
998905545734
998974100526
998935820809
998935803148
998971309928
998998040616
998903728802
998903538765
998909630227
998909203081
998935242423
998901858552
998903234700
998939780490
998932702333
998946973208
998901744096
998944230903
998903587736
998712763579998901884241
998974222316
998974427665
998998526737
998909097351
998934774746
998946830729
998941215200
998903553885
998909317551
998983124811
998988097320
998935201189
998977264096
998974802700
998909520995
998977614447
998933143630
998911920228
998909649194
998909559500
998901743111
998903544737
998909147743
998903284021
998919630609
998931800042
998909244421
998909693080
998935855667
998909512216
998998881819
998901869078
998977527585
998901888530
998903493475
998998785183
998977101711
998909656946
998911337813
998941803646
998903468456
998974645992
998946183300
998946850524
998909813357
998977774470
998974497709
998977047994
998909849213
998903223386
998946069961
998909517570
998934464960
998905560050
998901687059
998909200181
998901769421
998909398191998712644989
998977612460
998979177145
998946259999
998909114676
998901741392
998909573434
998974004707
998933808880
998903277300
998974902700
998909394696
998939278122
998903615433
2351869
998946961049
998983028092
998983657965998974907965
9988244202
998909861212
946596126
998909613131
998908922887
998909000067
998903458977
998903594579
998903546464
998977509323
998909606040
998909042151
998903518311
998977476648
998935419623
998935079094
998933888686
998909352506
998977086062
998901887208
998935968107
998933783600
998909160157
998909115400
998903240792
998946083026
8244202
998998451824
998903492238
998909593600
998712860661998946459617
998901884241
998935977621
998935837398
998977765448
99890901629448785228680
998998255844
998998139329
2674536
3961834
998935807661
83756080809
998946416210
998909114595
998977093925
998913433678
998909554959
998983627717
998936830155
998935890110
998903253543
998909056931
998974601172
998977255013
9341370
998983692003
998939304025
998909654000
998909307525
998977774470
998946348720
998901789598
998946891461
998909078940
998917756046
998909258261
998977701061
998905409503
998932928904
998946418595
998977718183
998946278041
998983138858
998909016294
998935523240
998935038854
998933907002
998946090513
998909199855
998998284434
998909574060
998903163094
998909699050
998998408819
